3.161272
6.459834
5.315999
5.248656
4.110954
5.479324
5.294157
5.177440
5.430597
1.496516
6.289022
6.679419
2.111932
2.834856
6.246104
6.196076
2.029075
5.252800
4.254088
3.119909
5.462020
4.381272
4.605797
7.297074
7.972854
3.440544
4.098596
5.177705
3.880854
4.077952
10.092571
7.110869
9.480483
9.216351
7.123956
3.441988
3.260403
-0.028875
3.117726
4.280526
10.503339
-0.178968
4.354192
1.449086
5.932738
8.168311
2.966518
7.107430
2.251411
6.191494
5.679111
6.065473
4.849794
0.813654
7.646547
10.551689
9.561126
11.522475
1.215882
7.703433
8.317152
7.359719
4.061574
0.392048
2.380768
8.997744
0.223572
3.608479
3.174709
2.662148
6.481773
10.299831
4.444937
3.463771
1.345316
3.688479
2.491387
3.913222
9.436850
4.792670
-0.080275
14.161458
6.911839
6.567858
0.698913
2.503307
7.601899
-0.385524
7.324357
4.190017
