13
18
4
3
2
9
6
17
3
13
4
18
3
12
18
9
1
3
8
8
2
20
13
18
7
18
3
16
17
4
18
20
21
15
19
8
3
6
13
20
6
11
18
13
19
2
21
12
3
8
6
12
17
4
19
17
8
11
12
14
13
16
7
8
18
13
17
9
14
11
18
1
13
11
3
21
19
11
17
2
16
8
7
17
3
6
8
8
16
17
5
5
12
8
18
19
12
17
10
16
19
13
21
12
9
12
21
2
8
18
11
15
21
18
14
3
2
13
15
21
14
13
15
8
18
13
5
16
11
3
21
8
4
1
9
4
13
2
7
9
18
7
16
12
16
5
21
19
4
11
6
15
3
13
12
12
11
3
11
9
3
11
11
11
19
14
18
3
2
10
21
16
8
10
5
14
12
3
7
1
17
6
18
4
18
14
11
12
13
5
18
3
7
1
21
1
12
12
13
18
2
21
13
12
6
13
13
17
7
2
4
16
17
16
8
19
14
19
1
6
16
18
16
9
3
18
16
9
6
6
17
21
12
13
9
14
16
11
11
7
10
16
18
20
13
8
12
2
1
2
3
12
2
21
12
17
7
16
21
13
10
18
3
8
19
6
6
2
19
3
9
17
7
13
13
13
3
11
3
19
10
18
2
12
18
2
2
3
13
12
4
16
13
5
2
4
18
3
2
2
5
18
15
15
12
14
8
13
3
4
2
17
18
2
8
16
6
18
15
9
9
16
18
13
10
21
7
11
17
7
6
21
5
8
14
4
16
19
12
16
18
3
15
3
11
21
17
8
6
13
21
13
17
2
3
7
9
9
8
14
5
7
8
7
4
11
7
3
4
8
12
21
4
21
2
19
17
19
1
12
11
1
12
16
3
13
18
11
12
9
3
8
18
6
2
15
6
16
14
19
21
4
2
17
13
3
17
15
15
16
17
17
6
3
13
8
17
6
19
2
3
21
5
16
14
11
6
17
7
8
2
8
7
18
6
7
11
12
3
20
1
9
2
18
16
3
12
15
17
11
18
10
7
11
7
18
11
8
7
15
9
3
17
14
6
2
4
13
11
13
1
18
14
1
19
2
13
12
1
2
17
17
7
3
14
3
16
14
7
21
17
17
3
1
12
16
18
13
11
12
17
12
13
6
16
9
13
17
17
17
17
17
2
3
2
8
4
9
9
15
21
6
6
18
7
3
13
18
9
14
13
9
7
17
3
7
11
12
18
7
11
14
7
21
10
8
11
6
3
1
18
6
18
13
21
20
1
6
21
14
18
11
3
16
3
11
13
13
11
9
3
8
1
12
21
3
3
19
3
3
17
3
17
4
9
11
13
13
13
11
2
20
4
14
17
2
19
2
19
20
3
12
18
8
17
13
18
18
5
8
12
8
17
12
13
6
7
18
7
18
3
17
1
17
20
12
2
3
13
18
3
17
18
7
15
9
3
17
13
9
12
7
5
2
11
10
7
9
4
9
14
4
15
7
11
2
3
12
7
11
19
12
13
18
16
14
17
2
6
19
18
10
14
9
9
2
7
5
8
8
18
15
18
8
8
18
18
12
19
16
14
20
18
21
16
6
7
17
5
3
7
13
1
16
20
4
7
6
18
14
8
2
13
18
21
21
2
13
18
4
19
21
5
2
11
19
9
8
12
2
3
19
13
8
17
4
7
16
9
9
13
20
16
5
6
10
18
9
4
11
7
19
18
21
16
15
21
5
7
3
17
15
10
3
13
7
4
3
1
11
3
10
20
7
2
12
18
8
3
1
3
12
11
15
13
11
12
18
14
19
7
2
3
13
8
15
15
15
13
13
8
9
18
9
4
2
16
17
18
2
18
11
8
13
8
15
16
6
3
17
8
16
4
5
18
19
21
17
1
12
17
14
18
4
21
21
12
9
6
14
4
8
21
12
8
11
8
18
21
12
19
8
9
6
3
17
13
11
21
15
12
6
11
2
5
16
13
3
9
14
14
5
1
2
8
7
4
12
4
4
19
19
4
9
21
6
19
21
13
3
7
19
14
10
13
3
12
21
19
7
13
9
21
1
10
18
1
13
21
12
4
11
9
8
13
1
18
16
2
13
17
16
16
11
6
11
2
8
21
21
19
20
1
11
12
18
13
7
16
18
13
3
18
4
12
2
9
19
3
19
14
7
3
7
18
4
13
12
12
20
8
8
19
17
11
2
11
1
14
6
10
13
12
18
4
13
3
17
16
21
3
21
15
13
7
3
17
1
6
13
21
13
18
3
7
12
3
16
10
18
