6.181663
2.704352
7.991925
8.261821
3.314076
10.592288
5.183564
9.378932
7.425112
0.611209
2.107933
5.937829
3.575951
10.123363
9.729593
-0.423371
3.254944
6.534666
7.243565
6.197358
1.532488
4.139343
5.271490
9.377014
12.065263
2.037961
5.699493
4.718157
0.522562
0.308279
5.133412
5.857461
2.421221
5.464637
2.112488
8.585015
3.657761
0.723740
6.105364
6.139059
2.241049
5.749721
3.333341
5.060457
3.449680
6.257278
6.889757
3.831854
1.348841
4.607244
4.180976
4.850935
6.697121
1.298573
4.274704
2.501058
6.612035
6.245118
7.189543
2.133787
4.055662
2.728053
6.930220
2.197909
4.656080
6.307138
3.627262
6.180863
10.731572
4.902775
4.712411
6.388842
3.416435
5.496174
6.801641
3.167703
6.306016
6.173023
6.023753
1.889223
1.610162
3.582303
5.485791
6.211220
2.449338
3.667596
8.704519
1.755333
6.119339
5.941107
