0.0186
0.0595
0.0051
0.0404
1.3467
0.0440
0.0017
1.2627
0.0061
0.0505
0.0436
4.0566
0.2074
5.8979
0.0287
27.6022
0.2083
0.0092
0.0027
0.0543
0.0035
0.0397
0.1394
0.0210
6.2180
0.0976
0.0233
0.0817
0.1053
0.0008
0.0245
0.0080
0.0071
0.0848
0.0133
0.0140
0.0096
0.0302
0.0580
0.0049
0.0149
0.0110
0.0129
0.0138
0.0482
0.0028
0.2861
0.0273
0.0042
0.0494
0.0144
0.0048
0.0192
0.0094
0.0024
0.0317
8.8815
0.0856
0.0401
0.0437
0.0416
0.0524
0.0301
0.0737
0.0313
0.0457
0.0467
0.0113
0.0159
0.0860
0.0170
0.0179
15.4381
0.0027
0.0228
0.1155
0.0075
0.0873
44.1778
0.0073
0.0596
0.0233
0.0592
0.0506
0.0145
0.0058
0.0341
0.0303
0.0641
0.2551
0.0240
0.3140
0.2179
0.0180
0.1549
0.0073
0.0055
0.0601
61.3729
0.0043
0.0063
0.0171
0.0042
0.0890
0.0544
0.0626
0.0052
0.0190
0.0015
58.0494
0.0170
0.0330
0.0608
0.0013
0.0749
0.0040
0.0933
0.2220
1202.7161
0.0254
0.0029
0.0057
0.0144
0.0425
0.0624
0.0488
0.0064
80.4460
0.7258
0.1141
0.0099
0.0986
0.0176
0.0087
0.0091
0.0219
0.0075
0.0200
151.1411
0.0851
0.0552
15.0897
0.2002
0.0349
0.0830
0.0627
0.0622
0.0068
0.3393
0.0026
0.0170
1.8083
0.0335
0.0084
0.1419
623.4143
23.8454
0.1008
0.0084
0.0024
0.0522
0.1536
0.0060
0.0025
2.6755
0.0253
0.0042
3397.0615
0.0579
1.4891
0.0042
0.0130
0.0006
0.0264
0.0370
0.0070
0.0330
0.0303
17.5154
0.0491
0.0140
0.0013
0.0279
0.0310
0.3605
0.0276
20.5977
0.0313
0.1408
0.1045
0.0048
0.0213
0.0750
0.0135
139.7036
0.0577
0.0023
0.0018
3.3772
21.4757
