100
70
114
102
98
87
103
94
87
141
100
124
71
92
75
100
100
100
114
119
103
101
101
72
128
90
100
103
107
99
100
101
78
91
104
94
98
101
102
83
95
111
59
102
101
106
84
102
86
115
104
73
98
100
96
58
83
106
97
105
99
89
86
101
122
105
77
102
129
72
102
103
116
86
131
114
100
90
71
137
126
51
126
98
97
102
122
74
100
99
98
88
98
125
109
116
85
103
98
82
115
92
64
96
104
80
77
99
144
102
62
116
95
93
141
95
104
101
101
145
125
101
77
104
93
119
74
101
100
104
98
102
122
106
104
101
137
95
99
115
113
98
116
109
118
97
103
115
90
108
74
126
99
100
75
102
99
110
103
79
142
96
63
83
107
104
88
126
117
113
66
125
105
97
99
117
98
100
111
103
83
98
84
81
66
113
85
107
103
89
51
103
139
85
57
72
107
71
92
101
