4.2153
3.8860
3.6806
4.0314
3.8611
3.8608
3.6976
4.1051
3.8226
4.2599
4.1700
4.0751
4.2244
4.2065
4.0234
3.8660
4.5211
3.9118
4.0992
3.9675
3.7656
3.9628
3.9415
3.9215
3.8325
4.0442
4.0496
4.1443
3.8376
4.2018
4.1026
3.9678
4.0840
4.0865
4.1968
3.8982
3.9522
3.8912
4.0280
3.9842
4.0536
3.9031
3.9817
4.1213
3.9273
4.0700
4.0491
4.2240
3.9801
3.9006
4.2756
3.9385
3.9978
3.8869
3.9238
3.8387
4.1262
4.0865
4.1186
3.9130
4.0186
4.0453
3.9252
4.1909
4.1770
4.0837
4.1356
3.8848
4.2242
4.1679
4.0416
4.0963
4.0603
3.9589
4.3883
3.7540
3.7992
3.8794
3.8656
3.9070
4.0298
4.1074
4.2867
4.1085
3.9110
3.9783
4.0479
3.7571
3.8916
4.1122
4.0922
4.2197
4.0472
4.1688
3.9128
3.8199
3.9032
3.8860
4.0145
4.0888
4.1819
4.5013
3.9482
3.8952
4.2531
4.0185
4.0184
3.8821
3.8812
4.3080
3.9838
3.8845
4.0592
4.1012
4.0327
3.9756
3.8492
4.1811
3.7586
4.0487
3.9261
3.9907
4.1003
3.9859
4.3380
4.1870
4.0539
3.9835
4.1636
3.8718
4.0310
4.2137
4.0963
3.8117
3.8507
4.1316
4.0652
4.1192
3.9218
3.8630
4.0495
3.9822
3.9651
4.1876
3.9271
3.6435
3.8486
3.6357
3.9903
4.1540
4.1128
4.2226
3.9139
3.7443
4.1015
4.1636
4.3550
3.9958
3.9524
4.2260
4.1015
4.0790
3.9525
4.0832
4.1768
3.9416
3.9957
3.7669
4.1160
3.8365
3.8304
4.1281
4.0198
4.1361
4.0547
4.2904
3.7871
3.9272
4.2785
4.0461
3.7034
3.9619
3.9671
4.1342
3.8831
3.7622
3.6102
4.1717
4.0821
3.9570
3.9737
3.8752
4.1941
4.2385
3.9580
4.0020
3.8285
4.3672
3.9966
3.8466
