1023.7750
13677.0007
34102.2189
1695.7155
1347.3805
9548.0475
911.9325
3829.2527
664243.0433
15578.2044
1443.2111
23572.6746
16676.7371
1989.4471
147999.2660
1175.0257
1009.5798
34301.2246
32757.5850
4617.5207
1066.6255
1234.5369
1335.5880
7933.2769
4086.2582
4402.3938
1128.0985
9896.3943
25048.4312
1171.7749
1123.0228
1197.7390
65747.1177
28955.4222
1210.0016
11586.4318
1598.1895
1012.0519
1662.1567
262458.0582
31587.1276
28254.6696
167558.2503
12798.1912
5959.6871
12275.6914
10330.0781
112432.7238
7133.9304
47182.3146
1651.1384
11714.4779
1017.1875
978.3127
1146.4268
63385.2641
37321.8566
1281.4066
1056.4120
864.7464
897.7157
10840.2407
35609.0299
1075.9346
7098.0798
1232.5243
8895.6792
1184.4389
102616.7970
9012.4898
852.0320
15134.6431
8221.5089
19415.8551
7025.1546
2832.6649
1117.0584
7805.4798
26842.3860
6146.3638
10566.3752
200120.8033
29562.5455
1110.0705
1006.5173
1149.6915
15813.4266
12036.4580
1047.0898
1275.4972
1132.2038
25485.1926
1038.8825
19925.6112
1910.6866
6887.4058
1434.1249
1030.0370
1132.2398
31465.4621
38048.8685
109024.2105
108281.2822
37904.4027
1363.5540
39807.3147
13001.2097
1296.6465
18985.2988
892.6197
18220.5281
14573.3941
34555.0673
1434.6269
6358.4466
13498.7675
116661.2251
1367.5110
13528.8599
24477.9957
7752.1430
1150.9868
5355.2950
1262.2746
18363.4798
26186.1376
10134.6729
477.9711
1064.1284
497.8193
18906.9304
1058.2961
6032.1961
3011.6430
946.2173
949.1816
22297.7262
3156.1002
1002.0122
2052.6478
713.9134
1092.6350
6747.6671
4568.8209
6862.8456
1290.6769
1766.8053
4318.4089
206378.0873
32622.4002
34947.0660
8144.0830
955.4779
943.6492
4771136.4430
1317.7001
10922.3470
1992.3041
1009.3199
38693.4373
23935.3142
3965.2009
25501.4772
40673.1112
1713.9235
1059.1601
3140.0266
5128.9832
2224.2684
122617.4439
20935.4239
3380.0729
11371.4912
1016.4019
1237.0466
8430.5314
15993.6846
861.1014
33809.2791
1259.9646
5948.2317
929.1689
23231.8751
40678.4902
9264.7179
5358.2883
14284.3679
7780.5004
1115.5232
4543.7051
3695577.0604
1030.7446
121218.3234
89045.2865
54215.8532
210587.6140
19932.2962
25094.4567
1570.3730
965.9002
