&21729.9407
5081.6260
43118.6537
4245.5535
564.3478
4291.9800
66629.6021
476.8946
54618.4219
7224.6388
7922.5512
488.5101
1080.7818
453.1191
11052.8731
477.9489
870.9517
51181.4993
95775.5005
6351.8809
5254.2255
7203.4394
3033.4032
4933.1496
423.6678
5896.8290
17148.6926
2047.1296
3054.7905
196297.0996
8487.0759
17295.4935
2129.3737
4349.2649
4822.1608
6197.1396
5026.2655
11811.5798
4098.7718
17562.0595
25746.0879
37176.1020
49737.2333
9786.4807
7119.1055
169967.9449
1689.3423
6060.0197
14687.9027
3135.6982
26303.9768
120002.4096
17965.4014
2970.3587
25711.0454
9018.6913
506.3892
5034.4152
12002.5299
9501.3813
5380.0423
1497.7668
9708.6258
1612.6083
8705.8249
959.9446
12565.5809
17943.5598
16071.5155
647.1560
26901.7205
15064.6333
514.8186
102897.0315
5631.5439
1762.1923
24737.7844
3313.0354
372.5975
12276.6707
3003.6961
4048.2430
4718.8640
4492.2912
17494.1694
2413.0966
2511.8150
6819.2974
6172.0621
910.1666
2642.3099
1594.7486
1164.5459
21275.9745
2609.5150
49584.6618
51117.5980
4590.9724
330.9143
73211.4874
11811.1492
31386.5536
73359.3736
1738.3846
3143.7248
7002.4416
63092.3484
14918.7521
261013.6425
622.8403
24493.6039
11972.8881
5666.1591
208572.7756
2761.1768
50255.2810
2940.1019
2079.2477
236.2823
9649.8820
158446.6019
50726.3159
28650.2957
7996.4035
5594.2964
9974.4147
7220.9441
159.5475
583.4791
3672.1540
26583.8197
4790.6775
8519.6319
25436.0071
19769.6245
28294.5936
1529.5670
7969.8732
275.3673
5759.9233
7296.0395
371.8406
2349.8402
4212.1577
2128.3435
7577.4618
7951.1909
74384.0813
556.8841
26765.5319
6305.1900
505.2654
11296.9275
4473.8045
2922.9685
198.9177
239.9287
1412.9353
54260.4224
33652.2885
1514.4959
3573.8118
87289.8909
198833.0168
526.0863
6321.2993
109386.4736
157.6122
4623.0454
405.1281
82533.2266
30818.4919
378044.7719
7613.6996
14506.6909
4676.2162
11722.8261
10776.6481
545.3113
9128.2338
3302.4711
19595.6003
16843.7854
6033.7750
407.6473
18925.0413
534.5205
8866.1902
810.2654
1985.6573
61297.7076
10703.7427
793.5230
3230.6104
394.2898
10389.0724
24242.3879
146978.1507
503.6679
550.9179
