1012.0270
3145.7710
4344.2211
1339.6681
1111.5336
2408.8692
940.3327
1724.0755
20164.3411
2800.2629
1148.7818
2715.1600
3386.0706
1328.8238
9880.6037
1064.8124
1037.8224
4420.4568
3885.7543
1622.1309
1069.6886
1205.2122
1303.4952
2785.2359
1607.2807
1835.2067
1100.2652
2507.4527
3512.8508
1071.2871
958.9631
1189.1916
7585.7490
4702.7148
1192.3036
2435.2868
1346.5322
1050.0555
1214.9028
13898.0113
4350.6399
3758.2847
11682.1807
2516.6834
1981.6562
2774.7488
2634.7140
9536.8451
2043.8894
4500.6359
1075.3662
3018.8620
1059.9398
1001.2156
1024.7662
7210.5493
5508.2992
1086.6636
1009.5273
855.9400
924.4660
2909.5181
5071.2771
1092.3020
1854.9583
1022.8642
2239.1737
1040.3605
6751.0918
2508.8193
882.3721
3012.7416
2158.9571
4178.3084
1886.6215
1315.6780
1104.5664
2352.1997
4661.1611
1386.0597
2332.2705
12643.5595
3729.8319
1140.5524
1016.0397
1158.6004
2746.7601
2763.9302
1139.0565
1262.7242
1123.5093
3974.2262
1035.3687
2722.9499
1131.6006
2249.0329
1133.7809
1013.5014
1119.9257
4821.0114
4834.0655
8219.1529
7988.1164
4750.5717
1283.3987
5382.7172
3332.5302
1298.7227
2454.8810
921.5300
4491.0453
2888.2305
4615.7591
1032.4084
1462.8013
3098.5723
7793.5707
1257.5655
2806.7865
2766.1668
1816.3915
1093.4063
2054.2299
1192.7584
3511.7823
3192.6980
2652.2999
5829.4701
1063.8288
20143.7946
3770.0163
1041.9068
1777.3335
1344.4067
975.5427
963.3547
2452.8814
1344.8482
1059.8916
1093.5324
6085.5764
1153.1206
2062.9135
1629.9327
1933.8830
1248.0049
1050.7732
1673.1686
12119.4508
4389.3397
5134.8915
1814.5898
1012.1878
925.8031
60677.8876
1142.0913
2511.0989
1360.2874
986.6964
5264.7447
2722.4100
1940.3633
4376.3424
5744.5132
1154.4445
1122.8946
1462.0935
1538.0466
1154.0444
7113.5422
4116.2828
1132.3794
2873.6339
1049.4132
1256.4032
2101.5550
3065.2698
861.3822
3744.4263
1118.8536
2198.7865
1061.9254
4154.3103
5905.1863
2844.4383
1921.6382
3198.0818
2019.8684
1045.6742
1840.9139
55464.7670
1088.7681
7040.2581
8625.3038
6703.7581
13058.2327
3130.9901
4224.5523
1199.3217
1001.1725
